time,x,y,z,phi,theta,psi,x_velocity,y_velocity,z_velocity,phi_velocity,theta_velocity,psi_velocity
0.06,-0.00014125578633,9.00078711718,0.0687371639647,0.0157509768329,0.00494711454281,0.0,-0.00785054167758,0.0218686564215,2.28962127146,0.253199539395,-0.242464890907,0.0
0.06,-0.00014125578633,9.00078711718,0.0687371639647,0.0157509768329,0.00494711454281,0.0,-0.00785054167758,0.0218686564215,2.28962127146,0.253199539395,-0.242464890907,0.0
0.12000000000000001,-0.000875363124698,9.00379925703,0.274556138617,0.040328519087,6.2750880019,0.0,-0.0118161098468,0.088039910906,4.56468120389,0.437891574511,-0.414960997394,0.0
0.12000000000000001,-0.000875363124698,9.00379925703,0.274556138617,0.040328519087,6.2750880019,0.0,-0.0118161098468,0.088039910906,4.56468120389,0.437891574511,-0.414960997394,0.0
0.18,-0.000505295952057,9.01293693243,0.615925197278,0.0678309078939,6.24967885842,0.0,0.0344735908218,0.227348097268,6.80312379628,0.482579140531,-0.451684351203,0.0
0.18,-0.000505295952057,9.01293693243,0.615925197278,0.0678309078939,6.24967885842,0.0,0.0344735908218,0.227348097268,6.80312379628,0.482579140531,-0.451684351203,0.0
0.23999999999999996,0.00475453762041,9.03263683891,1.08918937701,0.0967917665382,6.22255327114,0.0,0.151276287676,0.4399195589,8.95679908976,0.482883040433,-0.45292020264,0.0
0.23999999999999996,0.00475453762041,9.03263683891,1.08918937701,0.0967917665382,6.22255327114,0.0,0.151276287676,0.4399195589,8.95679908976,0.482883040433,-0.45292020264,0.0
0.3,0.019062597014,9.06715005553,1.68827247094,0.12570991774,6.19539501337,0.0,0.33503881859,0.719824162683,10.9935857482,0.480083899846,-0.452080527885,0.0
0.3,0.019062597014,9.06715005553,1.68827247094,0.12570991774,6.19539501337,0.0,0.33503881859,0.719824162683,10.9935857482,0.480083899846,-0.452080527885,0.0
0.36000000000000004,0.0462082426049,9.12023465116,2.40551392439,0.154466325866,6.16830445303,0.0,0.577938204876,1.05744366624,12.8928663126,0.477608315774,-0.450394976744,0.0
0.36000000000000004,0.0462082426049,9.12023465116,2.40551392439,0.154466325866,6.16830445303,0.0,0.577938204876,1.05744366624,12.8928663126,0.477608315774,-0.450394976744,0.0
0.4200000000000001,0.0894771864788,9.19504072887,3.23221460252,0.183073308776,6.14128205501,0.0,0.871142661388,1.44231020712,14.6406538779,0.47508637966,-0.450330150243,0.0
0.4200000000000001,0.0894771864788,9.19504072887,3.23221460252,0.183073308776,6.14128205501,0.0,0.871142661388,1.44231020712,14.6406538779,0.47508637966,-0.450330150243,0.0
0.48000000000000015,0.151618907099,9.29408913683,4.15903417028,0.2115315752,6.11429036879,0.0,1.20572726059,1.8640068174,16.2295002145,0.472699548492,-0.44894358532,0.0
0.48000000000000015,0.151618907099,9.29408913683,4.15903417028,0.2115315752,6.11429036879,0.0,1.20572726059,1.8640068174,16.2295002145,0.472699548492,-0.44894358532,0.0
0.5400000000000001,0.234854606156,9.41929010778,5.17635511883,0.239856256259,6.08737100491,0.0,1.57303483934,2.31267656629,17.6575060804,0.470810299294,-0.448089287532,0.0
0.5400000000000001,0.234854606156,9.41929010778,5.17635511883,0.239856256259,6.08737100491,0.0,1.57303483934,2.31267656629,17.6575060804,0.470810299294,-0.448089287532,0.0
0.6000000000000002,0.340907017524,9.57199500064,6.27460780398,0.268077069495,6.06050631249,0.0,1.96518595592,2.77960189158,18.928007878,0.46940742422,-0.447067352915,0.0
0.6000000000000002,0.340907017524,9.57199500064,6.27460780398,0.268077069495,6.06050631249,0.0,1.96518595592,2.77960189158,18.928007878,0.46940742422,-0.447067352915,0.0
0.6600000000000003,0.47105507325,9.75306974896,7.44453544495,0.296196518517,6.03372410987,0.0,2.37528324686,3.25734045091,20.0479410825,0.467120111683,-0.445015709165,0.0
0.6600000000000003,0.47105507325,9.75306974896,7.44453544495,0.296196518517,6.03372410987,0.0,2.37528324686,3.25734045091,20.0479410825,0.467120111683,-0.445015709165,0.0
0.7200000000000003,0.626197418182,9.96297573596,8.67738926513,0.324185506513,6.00704957485,0.0,2.79755492545,3.73984200502,21.0271445939,0.465183053259,-0.443712771893,0.0
0.7200000000000003,0.626197418182,9.96297573596,8.67738926513,0.324185506513,6.00704957485,0.0,2.79755492545,3.73984200502,21.0271445939,0.465183053259,-0.443712771893,0.0
0.7800000000000004,0.806920385729,10.2018503355,9.96506142655,0.352068569872,5.98041231994,0.0,3.22738352851,4.22236242814,21.8770050347,0.463774247923,-0.444439774245,0.0
0.7800000000000004,0.806920385729,10.2018503355,9.96506142655,0.352068569872,5.98041231994,0.0,3.22738352851,4.22236242814,21.8770050347,0.463774247923,-0.444439774245,0.0
0.8400000000000004,1.01357274956,10.4695879738,11.3001627592,0.379843118152,5.95373754328,0.0,3.66145767653,4.70152423198,22.6099742385,0.461127509891,-0.444859694858,0.0
0.8400000000000004,1.01357274956,10.4695879738,11.3001627592,0.379843118152,5.95373754328,0.0,3.66145767653,4.70152423198,22.6099742385,0.461127509891,-0.444859694858,0.0
0.9000000000000005,1.24633508062,10.7659118684,12.6760541993,0.407447490533,5.92702888025,0.0,4.09743562967,5.17495788351,23.2385176586,0.457884433965,-0.445717729812,0.0
0.9000000000000005,1.24633508062,10.7659118684,12.6760541993,0.407447490533,5.92702888025,0.0,4.09743562967,5.17495788351,23.2385176586,0.457884433965,-0.445717729812,0.0
0.9600000000000005,1.50527322161,11.0904303631,14.086837655,0.43485102504,5.90024884036,0.0,4.53382072045,5.64118478754,23.7748029823,0.454310698998,-0.447591034755,0.0
0.9600000000000005,1.50527322161,11.0904303631,14.086837655,0.43485102504,5.90024884036,0.0,4.53382072045,5.64118478754,23.7748029823,0.454310698998,-0.447591034755,0.0
1.0200000000000005,1.79038552562,11.4426859197,15.5273258677,0.462065891395,5.87336851691,0.0,4.96983900959,6.09946567305,24.230315588,0.452086419293,-0.448844001124,0.0
1.0200000000000005,1.79038552562,11.4426859197,15.5273258677,0.462065891395,5.87336851691,0.0,4.96983900959,6.09946567305,24.230315588,0.452086419293,-0.448844001124,0.0
1.0800000000000005,2.10164136095,11.8221961379,16.9929951501,0.489137546531,5.84639354942,0.0,5.40526887621,6.54969314349,24.6156642066,0.449354727792,-0.451096922486,0.0
1.0800000000000005,2.10164136095,11.8221961379,16.9929951501,0.489137546531,5.84639354942,0.0,5.40526887621,6.54969314349,24.6156642066,0.449354727792,-0.451096922486,0.0
1.1400000000000006,2.4390087517,12.2284850243,18.4799261198,0.516056674773,5.81929510875,0.0,5.84027608218,6.99215525267,24.9403752993,0.447214222374,-0.452746640566,0.0
1.1400000000000006,2.4390087517,12.2284850243,18.4799261198,0.516056674773,5.81929510875,0.0,5.84027608218,6.99215525267,24.9403752993,0.447214222374,-0.452746640566,0.0
1.2000000000000006,2.80247369969,12.6611015654,19.9847374808,0.542835054225,5.79209302422,0.0,6.27526967089,7.42738290021,25.2128577465,0.444433109976,-0.454635827512,0.0
1.2000000000000006,2.80247369969,12.6611015654,19.9847374808,0.542835054225,5.79209302422,0.0,6.27526967089,7.42738290021,25.2128577465,0.444433109976,-0.454635827512,0.0
1.2600000000000007,3.1920559295,13.1196355611,21.5045274843,0.569468481224,5.76481613134,0.0,6.71095049057,7.85618355484,25.4406870035,0.442786682632,-0.454573183575,0.0
1.2600000000000007,3.1920559295,13.1196355611,21.5045274843,0.569468481224,5.76481613134,0.0,6.71095049057,7.85618355484,25.4406870035,0.442786682632,-0.454573183575,0.0
1.3200000000000007,3.60781683893,13.6037251949,23.0368140494,0.596002054472,5.73754191887,0.0,7.14799020308,8.27935694307,25.6302892641,0.441085441064,-0.45456427973,0.0
1.3200000000000007,3.60781683893,13.6037251949,23.0368140494,0.596002054472,5.73754191887,0.0,7.14799020308,8.27935694307,25.6302892641,0.441085441064,-0.45456427973,0.0
1.3800000000000008,4.04985615088,14.113055013,24.5794697892,0.622453431656,5.71029398205,0.0,7.58699769189,8.69763954082,25.7870820489,0.440395735376,-0.453285211064,0.0
1.3800000000000008,4.04985615088,14.113055013,24.5794697892,0.622453431656,5.71029398205,0.0,7.58699769189,8.69763954082,25.7870820489,0.440395735376,-0.453285211064,0.0
1.4400000000000008,4.51831576529,14.6473583126,26.1306760798,0.648837078566,5.68311860847,0.0,8.02875576021,9.11191037436,25.9159450805,0.438361454441,-0.452210640009,0.0
1.4400000000000008,4.51831576529,14.6473583126,26.1306760798,0.648837078566,5.68311860847,0.0,8.02875576021,9.11191037436,25.9159450805,0.438361454441,-0.452210640009,0.0
1.5000000000000009,5.01337346473,15.2064101785,27.6888736379,0.675106784664,5.65602906756,0.0,8.47367723795,9.5226788018,26.020666687,0.436744618877,-0.450098354959,0.0
1.5000000000000009,5.01337346473,15.2064101785,27.6888736379,0.675106784664,5.65602906756,0.0,8.47367723795,9.5226788018,26.020666687,0.436744618877,-0.450098354959,0.0
1.560000000000001,5.53523265529,15.7900164288,29.2527169809,0.701271387288,5.62906176808,0.0,8.92219838219,9.93046149861,26.1045970562,0.434711463544,-0.448203029166,0.0
1.560000000000001,5.53523265529,15.7900164288,29.2527169809,0.701271387288,5.62906176808,0.0,8.92219838219,9.93046149861,26.1045970562,0.434711463544,-0.448203029166,0.0
1.620000000000001,6.08412085097,16.3980117999,30.8210472479,0.727302247396,5.60223503381,0.0,9.37468609748,10.3357044357,26.1706203511,0.432068348597,-0.44502298708,0.0
1.620000000000001,6.08412085097,16.3980117999,30.8210472479,0.727302247396,5.60223503381,0.0,9.37468609748,10.3357044357,26.1706203511,0.432068348597,-0.44502298708,0.0
1.680000000000001,6.66028544839,17.0302559532,32.3928669835,0.753172364162,5.5756022327,0.0,9.8314225791,10.7387859449,26.2212357264,0.42931257504,-0.441694760444,0.0
1.680000000000001,6.66028544839,17.0302559532,32.3928669835,0.753172364162,5.5756022327,0.0,9.8314225791,10.7387859449,26.2212357264,0.42931257504,-0.441694760444,0.0
1.740000000000001,7.26397988877,17.6866228199,33.9673117325,0.778878298056,5.54914457455,0.0,10.2923459858,11.1398195146,26.2584056895,0.426617545468,-0.439537553467,0.0
1.740000000000001,7.26397988877,17.6866228199,33.9673117325,0.778878298056,5.54914457455,0.0,10.2923459858,11.1398195146,26.2584056895,0.426617545468,-0.439537553467,0.0
1.8000000000000012,7.8954543195,18.3669941257,35.5436302043,0.804414655532,5.52281737571,0.0,10.7574173895,11.5389594489,26.2839534871,0.423509771654,-0.4373308949,0.0
1.8000000000000012,7.8954543195,18.3669941257,35.5436302043,0.804414655532,5.52281737571,0.0,10.7574173895,11.5389594489,26.2839534871,0.423509771654,-0.4373308949,0.0
1.8600000000000012,8.55495450774,19.0712602991,37.1211751413,0.829792187984,5.4965886163,0.0,11.2265226543,11.9363392854,26.2995254917,0.421837778044,-0.436780072153,0.0
1.8600000000000012,8.55495450774,19.0712602991,37.1211751413,0.829792187984,5.4965886163,0.0,11.2265226543,11.9363392854,26.2995254917,0.421837778044,-0.436780072153,0.0
1.9200000000000013,9.24271839096,19.7993202691,38.6993946912,0.855060065876,5.47040093122,0.0,11.6995408949,12.3321269824,26.3066775413,0.419684832702,-0.435833906982,0.0
1.9200000000000013,9.24271839096,19.7993202691,38.6993946912,0.855060065876,5.47040093122,0.0,11.6995408949,12.3321269824,26.3066775413,0.419684832702,-0.435833906982,0.0
1.9800000000000013,9.95898447,20.5510901043,40.2778334309,0.880204580756,5.44427476918,0.0,12.1765742809,12.7267017468,26.307045584,0.417831850208,-0.434654779788,0.0
1.9800000000000013,9.95898447,20.5510901043,40.2778334309,0.880204580756,5.44427476918,0.0,12.1765742809,12.7267017468,26.307045584,0.417831850208,-0.434654779788,0.0
2.0400000000000014,10.7039869173,21.3265028249,41.8561259077,0.905225215124,5.41821565976,0.0,12.6573905703,13.1202611232,26.3020079903,0.41532140759,-0.433656666163,0.0
2.0400000000000014,10.7039869173,21.3265028249,41.8561259077,0.905225215124,5.41821565976,0.0,12.6573905703,13.1202611232,26.3020079903,0.41532140759,-0.433656666163,0.0
2.1000000000000014,11.4779454942,22.1255052445,43.4339886867,0.930107354425,5.39222725394,0.0,13.1417391843,13.5130686831,26.2929212791,0.413439026789,-0.4321301188,0.0
2.1000000000000014,11.4779454942,22.1255052445,43.4339886867,0.930107354425,5.39222725394,0.0,13.1417391843,13.5130686831,26.2929212791,0.413439026789,-0.4321301188,0.0
2.1600000000000015,12.281065827,22.9480629323,45.0112199941,0.9548785041,5.36632556857,0.0,13.629404064,13.905487155,26.2811555952,0.411657120358,-0.430841026602,0.0
2.1600000000000015,12.281065827,22.9480629323,45.0112199941,0.9548785041,5.36632556857,0.0,13.629404064,13.905487155,26.2811555952,0.411657120358,-0.430841026602,0.0
2.2200000000000015,13.1135367739,23.7941630417,46.5876986307,0.979553129425,5.34050249047,0.0,14.1200506939,14.2978812101,26.2680330237,0.41040690003,-0.42949034191,0.0
2.2200000000000015,13.1135367739,23.7941630417,46.5876986307,0.979553129425,5.34050249047,0.0,14.1200506939,14.2978812101,26.2680330237,0.41040690003,-0.42949034191,0.0
2.2800000000000016,13.9755283503,24.6638179529,48.1633839893,1.00416973667,5.31477786431,0.0,14.6133854148,14.6907254379,26.2549187111,0.410016194387,-0.427296067561,0.0
2.2800000000000016,13.9755283503,24.6638179529,48.1633839893,1.00416973667,5.31477786431,0.0,14.6133854148,14.6907254379,26.2549187111,0.410016194387,-0.427296067561,0.0
2.3400000000000016,14.8671976543,25.557073408,49.7383199701,1.02876353214,5.28918717664,0.0,15.1092626542,15.0846500626,26.2432613593,0.409657140412,-0.424992040997,0.0
2.3400000000000016,14.8671976543,25.557073408,49.7383199701,1.02876353214,5.28918717664,0.0,15.1092626542,15.0846500626,26.2432613593,0.409657140412,-0.424992040997,0.0
2.4000000000000017,15.7886842743,26.4740101036,51.3126351149,1.05331814083,5.26373522749,0.0,15.6072519296,15.4801999914,26.2344387635,0.408405995786,-0.422664116204,0.0
2.4000000000000017,15.7886842743,26.4740101036,51.3126351149,1.05331814083,5.26373522749,0.0,15.6072519296,15.4801999914,26.2344387635,0.408405995786,-0.422664116204,0.0
2.4600000000000017,16.7401074109,27.4147478789,52.8865437401,1.07778621131,5.23839487225,0.0,16.107099114,15.8781369189,26.2299292888,0.406567594624,-0.421699583285,0.0
2.4600000000000017,16.7401074109,27.4147478789,52.8865437401,1.07778621131,5.23839487225,0.0,16.107099114,15.8781369189,26.2299292888,0.406567594624,-0.421699583285,0.0
2.520000000000002,17.7215673991,28.3794546542,54.4603490188,1.10213531344,5.21313571944,0.0,16.608451346,16.279317064,26.2312251757,0.404281596861,-0.419600194764,0.0
2.520000000000002,17.7215673991,28.3794546542,54.4603490188,1.10213531344,5.21313571944,0.0,16.608451346,16.279317064,26.2312251757,0.404281596861,-0.419600194764,0.0
2.580000000000002,18.7331515547,29.3683581558,56.034447123,1.12635870029,5.18799559755,0.0,17.1111936333,16.6848547034,26.2399219077,0.402586048055,-0.417835821249,0.0
2.580000000000002,18.7331515547,29.3683581558,56.034447123,1.12635870029,5.18799559755,0.0,17.1111936333,16.6848547034,26.2399219077,0.402586048055,-0.417835821249,0.0
2.640000000000002,19.7749355251,30.3817541898,57.6093300339,1.15046765154,5.16296595996,0.0,17.6150874068,17.0959242833,26.2576320164,0.400234714753,-0.415847852388,0.0
2.640000000000002,19.7749355251,30.3817541898,57.6093300339,1.15046765154,5.16296595996,0.0,17.6150874068,17.0959242833,26.2576320164,0.400234714753,-0.415847852388,0.0
2.700000000000002,20.8469847837,31.4200152405,59.1855891866,1.17447508203,5.13804835631,0.0,18.120017363,17.5139025072,26.2860523842,0.399901921767,-0.414210651954,0.0
2.700000000000002,20.8469847837,31.4200152405,59.1855891866,1.17447508203,5.13804835631,0.0,18.120017363,17.5139025072,26.2860523842,0.399901921767,-0.414210651954,0.0
2.760000000000002,21.9493562475,32.483599541,60.7639199864,1.19844846601,5.11323136545,0.0,18.6258482532,17.9402791726,26.3269670715,0.398858632447,-0.412457930219,0.0
2.760000000000002,21.9493562475,32.483599541,60.7639199864,1.19844846601,5.11323136545,0.0,18.6258482532,17.9402791726,26.3269670715,0.398858632447,-0.412457930219,0.0
2.820000000000002,23.0821081774,33.5730627224,62.3451294806,1.22237285438,5.08850368189,0.0,19.1327268618,18.3768058186,26.3823001087,0.398501894176,-0.411478586727,0.0
2.820000000000002,23.0821081774,33.5730627224,62.3451294806,1.22237285438,5.08850368189,0.0,19.1327268618,18.3768058186,26.3823001087,0.398501894176,-0.411478586727,0.0
2.880000000000002,24.2453130333,34.6890724971,63.9301436008,1.24629469791,5.06385310779,0.0,19.6410045407,18.8254736467,26.4541013754,0.399084254811,-0.409605122088,0.0
2.880000000000002,24.2453130333,34.6890724971,63.9301436008,1.24629469791,5.06385310779,0.0,19.6410045407,18.8254736467,26.4541013754,0.399084254811,-0.409605122088,0.0
2.940000000000002,25.4390679544,35.8324211819,65.5200154065,1.27026652234,5.03933906244,0.0,20.1511186626,19.288424349,26.5445557152,0.400405199614,-0.406575492145,0.0
2.940000000000002,25.4390679544,35.8324211819,65.5200154065,1.27026652234,5.03933906244,0.0,20.1511186626,19.288424349,26.5445557152,0.400405199614,-0.406575492145,0.0
3.000000000000002,26.6634946191,37.0040319536,67.1159330829,1.29430643063,5.01500835959,0.0,20.663445082,19.7678800255,26.6559858239,0.401178290082,-0.403471540145,0.0
3.000000000000002,26.6634946191,37.0040319536,67.1159330829,1.29430643063,5.01500835959,0.0,20.663445082,19.7678800255,26.6559858239,0.401178290082,-0.403471540145,0.0
3.0600000000000023,27.9187356142,38.2049654682,68.7192288327,1.31838363032,4.99086827281,0.0,21.178318469,20.2662196737,26.7908725009,0.401501801324,-0.400160142818,0.0
3.0600000000000023,27.9187356142,38.2049654682,68.7192288327,1.31838363032,4.99086827281,0.0,21.178318469,20.2662196737,26.7908725009,0.401501801324,-0.400160142818,0.0
3.1200000000000023,29.2049513364,39.4364311809,70.3313890014,1.3424818976,4.96691494756,0.0,21.696005833,20.7860297969,26.951879358,0.401907472145,-0.397414949221,0.0
3.1200000000000023,29.2049513364,39.4364311809,70.3313890014,1.3424818976,4.96691494756,0.0,21.696005833,20.7860297969,26.951879358,0.401907472145,-0.397414949221,0.0
3.1800000000000024,30.5223300417,40.6998045462,71.9540675125,1.36659741245,4.94311490026,0.0,22.2171868268,21.3302667432,27.1419380335,0.40196065453,-0.395217608191,0.0
3.1800000000000024,30.5223300417,40.6998045462,71.9540675125,1.36659741245,4.94311490026,0.0,22.2171868268,21.3302667432,27.1419380335,0.40196065453,-0.395217608191,0.0
3.2400000000000024,31.8711031895,41.9966476024,73.5891025418,1.39073755135,4.91947009408,0.0,22.7426147544,21.9021948248,27.364263773,0.403072807902,-0.391903943683,0.0
3.2400000000000024,31.8711031895,41.9966476024,73.5891025418,1.39073755135,4.91947009408,0.0,22.7426147544,21.9021948248,27.364263773,0.403072807902,-0.391903943683,0.0
3.3000000000000025,33.2515522337,43.3287271556,75.2385356656,1.41495542629,4.89601372821,0.0,23.2731769811,22.50535836,27.6224357412,0.404721724224,-0.389082926383,0.0
3.3000000000000025,33.2515522337,43.3287271556,75.2385356656,1.41495542629,4.89601372821,0.0,23.2731769811,22.50535836,27.6224357412,0.404721724224,-0.389082926383,0.0
3.3600000000000025,34.6640099704,44.6980305797,76.9046363039,1.43925077622,4.8727144214,0.0,23.8097386979,23.1435950105,27.9204814355,0.405319703864,-0.386846066941,0.0
3.3600000000000025,34.6640099704,44.6980305797,76.9046363039,1.43925077622,4.8727144214,0.0,23.8097386979,23.1435950105,27.9204814355,0.405319703864,-0.386846066941,0.0
3.4200000000000026,36.1088766679,46.1067907992,78.589930548,1.46357383702,4.84955082854,0.0,24.3536673604,23.8212640253,28.2629322376,0.405512880015,-0.384536952048,0.0
3.4200000000000026,36.1088766679,46.1067907992,78.589930548,1.46357383702,4.84955082854,0.0,24.3536673604,23.8212640253,28.2629322376,0.405512880015,-0.384536952048,0.0
3.4800000000000026,37.5866331941,47.5575164075,80.2972329178,1.48789902712,4.82651868781,0.0,24.9062781557,24.5431981995,28.6548904536,0.405233733002,-0.382569627397,0.0
3.4800000000000026,37.5866331941,47.5575164075,80.2972329178,1.48789902712,4.82651868781,0.0,24.9062781557,24.5431981995,28.6548904536,0.405233733002,-0.382569627397,0.0
3.5400000000000027,39.0978457685,49.0530232064,82.0296847725,1.51220516327,4.80360840406,0.0,25.4691124531,25.314821421,29.1021690899,0.404838944023,-0.380418120865,0.0
3.5400000000000027,39.0978457685,49.0530232064,82.0296847725,1.51220516327,4.80360840406,0.0,25.4691124531,25.314821421,29.1021690899,0.404838944023,-0.380418120865,0.0
3.6000000000000028,40.6431780996,50.5964718671,83.7908016353,1.53647966608,4.78082828266,0.0,26.0438668793,26.1422135979,29.6114549103,0.404043796118,-0.378214972864,0.0
3.6000000000000028,40.6431780996,50.5964718671,83.7908016353,1.53647966608,4.78082828266,0.0,26.0438668793,26.1422135979,29.6114549103,0.404043796118,-0.378214972864,0.0
3.660000000000003,42.2234023973,52.1914102934,85.5845313739,1.56070562854,4.75819850826,0.0,26.6324596574,27.0322224649,30.1905037515,0.403206594251,-0.375143871105,0.0
3.660000000000003,42.2234023973,52.1914102934,85.5845313739,1.56070562854,4.75819850826,0.0,26.6324596574,27.0322224649,30.1905037515,0.403206594251,-0.375143871105,0.0
3.720000000000003,43.8394012767,53.8418224078,87.4153256416,1.58488218804,4.73573650999,0.0,27.2366467537,27.9925519756,30.8483978531,0.402411321038,-0.372860417161,0.0
3.720000000000003,43.8394012767,53.8418224078,87.4153256416,1.58488218804,4.73573650999,0.0,27.2366467537,27.9925519756,30.8483978531,0.402411321038,-0.372860417161,0.0
3.780000000000003,45.492177039,55.5521865596,89.2882292698,1.60898572483,4.71340614169,0.0,27.8587149546,29.0320259996,31.5958797087,0.400322565487,-0.370835957918,0.0
3.780000000000003,45.492177039,55.5521865596,89.2882292698,1.60898572483,4.71340614169,0.0,27.8587149546,29.0320259996,31.5958797087,0.400322565487,-0.370835957918,0.0
3.840000000000003,47.1828780343,57.3275511646,91.2089901329,1.63294227835,4.69118605231,0.0,28.5012350788,30.1608657636,32.4456942818,0.397103422868,-0.369353932549,0.0
3.840000000000003,47.1828780343,57.3275511646,91.2089901329,1.63294227835,4.69118605231,0.0,28.5012350788,30.1608657636,32.4456942818,0.397103422868,-0.369353932549,0.0
3.900000000000003,48.9128222996,59.1736279654,93.1841923165,1.65670999025,4.66904129837,0.0,29.1673136185,31.3910113123,33.4130576166,0.394110786698,-0.368537081292,0.0
3.900000000000003,48.9128222996,59.1736279654,93.1841923165,1.65670999025,4.66904129837,0.0,29.1673136185,31.3910113123,33.4130576166,0.394110786698,-0.368537081292,0.0
3.960000000000003,50.6835294878,61.0969053815,95.2214251964,1.68030869519,4.64696106475,0.0,29.8605627928,32.7364640369,34.5163938244,0.391669404857,-0.366961455188,0.0
3.960000000000003,50.6835294878,61.0969053815,95.2214251964,1.68030869519,4.64696106475,0.0,29.8605627928,32.7364640369,34.5163938244,0.391669404857,-0.366961455188,0.0
4.020000000000002,52.4967428749,63.1047837685,97.3295044448,1.70377444969,4.62496992185,0.0,30.584774307,34.2136907651,35.7783183856,0.389927459153,-0.365651229735,0.0
4.020000000000002,52.4967428749,63.1047837685,97.3295044448,1.70377444969,4.62496992185,0.0,30.584774307,34.2136907651,35.7783183856,0.389927459153,-0.365651229735,0.0
4.080000000000001,54.3544472491,65.2057409915,99.5187600582,1.72713500011,4.60305194085,0.0,31.344251061,35.8422641219,37.2269069806,0.388150169046,-0.364607797769,0.0
4.080000000000001,54.3544472491,65.2057409915,99.5187600582,1.72713500011,4.60305194085,0.0,31.344251061,35.8422641219,37.2269069806,0.388150169046,-0.364607797769,0.0
4.14,56.258893927,67.4095468653,101.801411366,1.75040794582,4.58120943033,0.0,32.1435750593,37.6458335815,38.8973453966,0.387343280628,-0.362936609656,0.0
4.14,56.258893927,67.4095468653,101.801411366,1.75040794582,4.58120943033,0.0,32.1435750593,37.6458335815,38.8973453966,0.387343280628,-0.362936609656,0.0
4.199999999999998,58.2126232799,69.7275410752,104.192061082,1.77362949252,4.55948478612,0.0,32.9877375859,39.6532816733,40.8343162549,0.38638520826,-0.360417000403,0.0
4.199999999999998,58.2126232799,69.7275410752,104.192061082,1.77362949252,4.55948478612,0.0,32.9877375859,39.6532816733,40.8343162549,0.38638520826,-0.360417000403,0.0
4.259999999999997,60.2184740786,72.172996494,106.708359037,1.79681808187,4.53792857337,0.0,33.8816873319,41.9004747986,43.095272148,0.386657839591,-0.357076349839,0.0
4.259999999999997,60.2184740786,72.172996494,106.708359037,1.79681808187,4.53792857337,0.0,33.8816873319,41.9004747986,43.095272148,0.386657839591,-0.357076349839,0.0
4.319999999999996,62.2795773217,74.7616091972,109.371903309,1.82003617151,4.51656127233,0.0,34.8302057891,44.4327592567,45.7552343177,0.387579716027,-0.354282940283,0.0
4.319999999999996,62.2795773217,74.7616091972,109.371903309,1.82003617151,4.51656127233,0.0,34.8302057891,44.4327592567,45.7552343177,0.387579716027,-0.354282940283,0.0
4.379999999999995,64.3993564417,77.5121711115,112.209493395,1.84328485245,4.4953300861,0.0,35.8383414109,47.3086569087,48.9137912301,0.387274503301,-0.353009463686,0.0
4.379999999999995,64.3993564417,77.5121711115,112.209493395,1.84328485245,4.4953300861,0.0,35.8383414109,47.3086569087,48.9137912301,0.387274503301,-0.353009463686,0.0
