time,x,y,z,phi,theta,psi,x_velocity,y_velocity,z_velocity,phi_velocity,theta_velocity,psi_velocity
0.06,2.48069621206e-13,9.00059994927,0.0261682709432,6.28315495443,6.28318530708,0.0,2.48069621206e-11,0.00999506894147,0.872043073808,-0.0015375198667,-2.54860026192e-09,0.0
0.06,2.48069621206e-13,9.00059994927,0.0261682709432,6.28315495443,6.28318530708,0.0,2.48069621206e-11,0.00999506894147,0.872043073808,-0.0015375198667,-2.54860026192e-09,0.0
0.12000000000000001,7.89018989397e-12,9.0011975289,0.104567211602,6.28303225309,6.28318530664,0.0,2.93343134847e-10,0.00990115710564,1.74036520187,-0.00308002429736,-1.67204371174e-08,0.0
0.12000000000000001,7.89018989397e-12,9.0011975289,0.104567211602,6.28303225309,6.28318530664,0.0,2.93343134847e-10,0.00990115710564,1.74036520187,-0.00308002429736,-1.67204371174e-08,0.0
0.18,5.69785402648e-11,9.00178336388,0.234839601606,6.28278837769,6.28318530564,0.0,1.55691095923e-09,0.00958118089891,2.6005172956,-0.00611055174753,-1.67204371136e-08,0.0
0.18,5.69785402648e-11,9.00178336388,0.234839601606,6.28278837769,6.28318530564,0.0,1.55691095923e-09,0.00958118089891,2.6005172956,-0.00611055174753,-1.67204371136e-08,0.0
0.23999999999999996,2.24908294046e-10,9.00233814428,0.416364975076,6.2823983966,6.28318530463,0.0,4.25018617973e-09,0.00883214800514,3.4481865113,-0.00728963480566,-1.67204371099e-08,0.0
0.23999999999999996,2.24908294046e-10,9.00233814428,0.416364975076,6.2823983966,6.28318530463,0.0,4.25018617973e-09,0.00883214800514,3.4481865113,-0.00728963480566,-1.67204371099e-08,0.0
0.3,5.96415016516e-10,9.00283101418,0.648272497335,6.28194233087,6.28318530363,0.0,8.3365662294e-09,0.00750543972175,4.27935162655,-0.00823148231893,-1.67204371062e-08,0.0
0.3,5.96415016516e-10,9.00283101418,0.648272497335,6.28194233087,6.28318530363,0.0,8.3365662294e-09,0.00750543972175,4.27935162655,-0.00823148231893,-1.67204371062e-08,0.0
0.36000000000000004,1.25371212141e-09,9.00322512713,0.929460943046,6.28140442703,6.28318530263,0.0,1.37687978559e-08,0.00552934412236,5.09036385652,-0.0104743011561,-1.67204371024e-08,0.0
0.36000000000000004,1.25371212141e-09,9.00322512713,0.929460943046,6.28140442703,6.28318530263,0.0,1.37687978559e-08,0.00552934412236,5.09036385652,-0.0104743011561,-1.67204371024e-08,0.0
0.4200000000000001,2.27589751842e-09,9.00347830549,1.25862146741,6.28073561728,6.28318530163,0.0,2.04905312307e-08,0.0027851297412,5.87795903924,-0.0125271185981,-1.67204370987e-08,0.0
0.4200000000000001,2.27589751842e-09,9.00347830549,1.25862146741,6.28073561728,6.28318530163,0.0,2.04905312307e-08,0.0027851297412,5.87795903924,-0.0125271185981,-1.67204370987e-08,0.0
0.48000000000000015,3.73845162473e-09,9.00354020855,1.63426040621,6.27993622161,6.28318530062,0.0,2.84377983332e-08,-0.000865622878703,6.63924652665,-0.0149651874783,-1.67204370949e-08,0.0
0.48000000000000015,3.73845162473e-09,9.00354020855,1.63426040621,6.27993622161,6.28318530062,0.0,2.84377983332e-08,-0.000865622878703,6.63924652665,-0.0149651874783,-1.67204370949e-08,0.0
0.5400000000000001,5.71278143967e-09,9.00335242256,2.05472236374,6.27899488502,6.28318529965,0.0,3.75358854927e-08,-0.0055581282662,7.371729701,-0.0171772997139,-1.50839514085e-08,0.0
0.5400000000000001,5.71278143967e-09,9.00335242256,2.05472236374,6.27899488502,6.28318529965,0.0,3.75358854927e-08,-0.0055581282662,7.371729701,-0.0171772997139,-1.50839514085e-08,0.0
0.6000000000000002,8.26387860483e-09,9.00284868733,2.51821981002,6.27792743009,6.28318529875,0.0,4.76365129709e-08,-0.0114123273355,8.07350125523,-0.019047322018,-1.4811704652e-08,0.0
0.6000000000000002,8.26387860483e-09,9.00284868733,2.51821981002,6.27792743009,6.28318529875,0.0,4.76365129709e-08,-0.0114123273355,8.07350125523,-0.019047322018,-1.4811704652e-08,0.0
0.6600000000000003,1.14461521976e-08,9.0019567208,3.02285945607,6.27677373909,6.28318529889,0.0,5.84677617729e-08,-0.0185064767863,8.74294358641,-0.0195923870423,3.63980967638e-08,0.0
0.6600000000000003,1.14461521976e-08,9.0019567208,3.02285945607,6.27677373909,6.28318529889,0.0,5.84677617729e-08,-0.0185064767863,8.74294358641,-0.0195923870423,3.63980967638e-08,0.0
0.7200000000000003,1.52443297717e-08,9.00060176178,3.56666904279,6.27559233398,6.28318530181,0.0,6.76374054485e-08,-0.026838706152,9.37903853305,-0.0198862036921,7.34832499445e-08,0.0
0.7200000000000003,1.52443297717e-08,9.00060176178,3.56666904279,6.27559233398,6.28318530181,0.0,6.76374054485e-08,-0.026838706152,9.37903853305,-0.0198862036921,7.34832499445e-08,0.0
0.7800000000000004,1.94662071852e-08,8.99871109397,4.14762757658,6.27439899317,6.2831853061,0.0,7.23047924478e-08,-0.0363536793239,9.98117581662,-0.0198946339565,6.7476028174e-08,0.0
0.7800000000000004,1.94662071852e-08,8.99871109397,4.14762757658,6.27439899317,6.2831853061,0.0,7.23047924478e-08,-0.0363536793239,9.98117581662,-0.0198946339565,6.7476028174e-08,0.0
0.8400000000000004,2.38175045531e-08,8.99621587853,4.76368823248,6.27316465032,1.90283255819e-09,0.0,7.21367197223e-08,-0.0469815980913,10.5490998466,-0.0219635495747,1.4081039992e-08,0.0
0.8400000000000004,2.38175045531e-08,8.99621587853,4.76368823248,6.27316465032,1.90283255819e-09,0.0,7.21367197223e-08,-0.0469815980913,10.5490998466,-0.0219635495747,1.4081039992e-08,0.0
0.9000000000000005,2.8076935085e-08,8.99304972131,5.41279823827,6.2718474637,2.07103667549e-09,0.0,6.97705011307e-08,-0.0587235750096,11.082862465,-0.0219322406337,-1.97518698118e-08,0.0
0.9000000000000005,2.8076935085e-08,8.99304972131,5.41279823827,6.2718474637,2.07103667549e-09,0.0,6.97705011307e-08,-0.0587235750096,11.082862465,-0.0219322406337,-1.97518698118e-08,0.0
0.9600000000000005,3.2203500623e-08,8.98914621139,6.09291980567,6.27053782855,6.28318530711,0.0,6.80576346204e-08,-0.071547090479,11.5829045045,-0.0216181008069,-6.76740546397e-08,0.0
0.9600000000000005,3.2203500623e-08,8.98914621139,6.09291980567,6.27053782855,6.28318530711,0.0,6.80576346204e-08,-0.071547090479,11.5829045045,-0.0216181008069,-6.76740546397e-08,0.0
1.0200000000000005,3.63128069022e-08,8.98444321854,6.80204782154,6.26924531436,6.2831853032,0.0,6.95357897678e-08,-0.0853589502749,12.0498683404,-0.0213899427415,-6.01753090153e-08,0.0
1.0200000000000005,3.63128069022e-08,8.98444321854,6.80204782154,6.26924531436,6.2831853032,0.0,6.95357897678e-08,-0.0853589502749,12.0498683404,-0.0213899427415,-6.01753090153e-08,0.0
1.0800000000000005,4.06280767952e-08,8.97888418387,7.53822261837,6.26796479114,6.28318529974,0.0,7.48182885183e-08,-0.100069733924,12.4846200338,-0.0212464478775,-5.25223121841e-08,0.0
1.0800000000000005,4.06280767952e-08,8.97888418387,7.53822261837,6.26796479114,6.28318529974,0.0,7.48182885183e-08,-0.100069733924,12.4846200338,-0.0212464478775,-5.25223121841e-08,0.0
1.1400000000000006,4.53569289405e-08,8.9724174532,8.29954996279,6.26672886923,6.28318529669,0.0,8.32282044213e-08,-0.115602522519,12.8884656226,-0.0193336828152,-4.75811117808e-08,0.0
1.1400000000000006,4.53569289405e-08,8.9724174532,8.29954996279,6.26672886923,6.28318529669,0.0,8.32282044213e-08,-0.115602522519,12.8884656226,-0.0193336828152,-4.75811117808e-08,0.0
1.2000000000000006,5.06701186989e-08,8.96499726011,9.0842126326,6.2655822062,6.28318529401,0.0,9.42239312667e-08,-0.13182968039,13.2626622802,-0.0186694545047,-3.88409328673e-08,0.0
1.2000000000000006,5.06701186989e-08,8.96499726011,9.0842126326,6.2655822062,6.28318529401,0.0,9.42239312667e-08,-0.13182968039,13.2626622802,-0.0186694545047,-3.88409328673e-08,0.0
1.2600000000000007,5.67064434861e-08,8.95658557372,9.8904716689,6.26448236129,6.28318529181,0.0,1.07243353733e-07,-0.14864037905,13.6085562982,-0.0176617811984,-3.20459402639e-08,0.0
1.2600000000000007,5.67064434861e-08,8.95658557372,9.8904716689,6.26448236129,6.28318529181,0.0,1.07243353733e-07,-0.14864037905,13.6085562982,-0.0176617811984,-3.20459402639e-08,0.0
1.3200000000000007,6.35708305975e-08,8.94714982083,10.7166746333,6.26341805968,6.28318529011,0.0,1.21751951036e-07,-0.165954109744,13.9276793537,-0.0178919645198,-2.12289223295e-08,0.0
1.3200000000000007,6.35708305975e-08,8.94714982083,10.7166746333,6.26341805968,6.28318529011,0.0,1.21751951036e-07,-0.165954109744,13.9276793537,-0.0178919645198,-2.12289223295e-08,0.0
1.3800000000000008,7.13350584627e-08,8.93666129894,11.5612614585,6.26236735926,6.28318528996,0.0,1.37085304665e-07,-0.183729084123,14.2215748386,-0.0167617124953,3.53082405094e-08,0.0
1.3800000000000008,7.13350584627e-08,8.93666129894,11.5612614585,6.26236735926,6.28318528996,0.0,1.37085304665e-07,-0.183729084123,14.2215748386,-0.0167617124953,3.53082405094e-08,0.0
1.4400000000000008,7.99938265114e-08,8.92509379309,12.4227610776,6.26139376416,6.28318529384,0.0,1.51103605722e-07,-0.201908232062,14.4916643506,-0.0151772043752,1.23147076721e-07,0.0
1.4400000000000008,7.99938265114e-08,8.92509379309,12.4227610776,6.26139376416,6.28318529384,0.0,1.51103605722e-07,-0.201908232062,14.4916643506,-0.0151772043752,1.23147076721e-07,0.0
1.5000000000000009,8.93609508598e-08,8.91242557213,13.2997921462,6.26050135224,6.28318530233,0.0,1.6011560636e-07,-0.220407037049,14.7395121724,-0.0142729666926,1.78229802768e-07,0.0
1.5000000000000009,8.93609508598e-08,8.91242557213,13.2997921462,6.26050135224,6.28318530233,0.0,1.6011560636e-07,-0.220407037049,14.7395121724,-0.0142729666926,1.78229802768e-07,0.0
1.560000000000001,9.90382038921e-08,8.89863964151,14.1910619314,6.25967978175,6.44248210335e-09,0.0,1.61127210586e-07,-0.239157044722,14.9665072002,-0.0125570494209,2.08226032138e-07,0.0
1.560000000000001,9.90382038921e-08,8.89863964151,14.1910619314,6.25967978175,6.44248210335e-09,0.0,1.61127210586e-07,-0.239157044722,14.9665072002,-0.0125570494209,2.08226032138e-07,0.0
1.620000000000001,1.08496546558e-07,8.88372292915,15.095363079,6.25897448571,1.86217050668e-08,0.0,1.52724408715e-07,-0.258087015266,15.1741033726,-0.0101969838911,1.92509088299e-07,0.0
1.620000000000001,1.08496546558e-07,8.88372292915,15.095363079,6.25897448571,1.86217050668e-08,0.0,1.52724408715e-07,-0.258087015266,15.1741033726,-0.0101969838911,1.92509088299e-07,0.0
1.680000000000001,1.17174129293e-07,8.86766738776,16.0115752339,6.25838392101,2.98846449809e-08,0.0,1.35270093604e-07,-0.277104388958,15.3637446813,-0.00914344429773,1.78128861023e-07,0.0
1.680000000000001,1.17174129293e-07,8.86766738776,16.0115752339,6.25838392101,2.98846449809e-08,0.0,1.35270093604e-07,-0.277104388958,15.3637446813,-0.00914344429773,1.78128861023e-07,0.0
1.740000000000001,1.24562342519e-07,8.85046983495,16.9386616991,6.25785217624,3.78606435092e-08,0.0,1.10028287966e-07,-0.296149069007,15.5367750864,-0.00830612958896,4.25420133592e-08,0.0
1.740000000000001,1.24562342519e-07,8.85046983495,16.9386616991,6.25785217624,3.78606435092e-08,0.0,1.10028287966e-07,-0.296149069007,15.5367750864,-0.00830612958896,4.25420133592e-08,0.0
1.8000000000000012,1.30304926334e-07,8.83212949769,17.8756647602,6.25736576624,3.81509401848e-08,0.0,8.13174151438e-08,-0.315194165908,15.6944825785,-0.00771114377767,-7.05692788311e-08,0.0
1.8000000000000012,1.30304926334e-07,8.83212949769,17.8756647602,6.25736576624,3.81509401848e-08,0.0,8.13174151438e-08,-0.315194165908,15.6944825785,-0.00771114377767,-7.05692788311e-08,0.0
1.8600000000000012,1.3436168507e-07,8.81264677651,18.8217036278,6.25690693312,3.24409850094e-08,0.0,5.45205763642e-08,-0.334227544197,15.8381420994,-0.00751965852996,-1.44359244015e-07,0.0
1.8600000000000012,1.3436168507e-07,8.81264677651,18.8217036278,6.25690693312,3.24409850094e-08,0.0,5.45205763642e-08,-0.334227544197,15.8381420994,-0.00751965852996,-1.44359244015e-07,0.0
1.9200000000000013,1.369658874e-07,8.79202235381,19.7759712584,6.25647037184,2.30345005292e-08,0.0,3.33035405262e-08,-0.353251592541,15.9689369555,-0.00679308456574,-1.81605753529e-07,0.0
1.9200000000000013,1.369658874e-07,8.79202235381,19.7759712584,6.25647037184,2.30345005292e-08,0.0,3.33035405262e-08,-0.353251592541,15.9689369555,-0.00679308456574,-1.81605753529e-07,0.0
1.9800000000000013,1.38517197936e-07,8.7702570025,20.7377231805,6.25607949717,1.14274198992e-08,0.0,1.96190451621e-08,-0.372256393244,16.0877725624,-0.00596322937417,-2.1714255987e-07,0.0
1.9800000000000013,1.38517197936e-07,8.7702570025,20.7377231805,6.25607949717,1.14274198992e-08,0.0,1.96190451621e-08,-0.372256393244,16.0877725624,-0.00596322937417,-2.1714255987e-07,0.0
2.0400000000000014,1.39505783327e-07,8.74735227272,21.7062740486,6.25571596425,6.28318530491,0.0,1.47241624262e-08,-0.391229520625,16.1957112675,-0.00625090356755,-2.50688733063e-07,0.0
2.0400000000000014,1.39505783327e-07,8.74735227272,21.7062740486,6.25571596425,6.28318530491,0.0,1.47241624262e-08,-0.391229520625,16.1957112675,-0.00625090356755,-2.50688733063e-07,0.0
2.1000000000000014,1.40493551457e-07,8.72330987713,22.6809983017,6.25535655994,6.28318528971,0.0,1.97296698739e-08,-0.410181850324,16.2936845751,-0.00547337406157,-2.58564093201e-07,0.0
2.1000000000000014,1.40493551457e-07,8.72330987713,22.6809983017,6.25535655994,6.28318528971,0.0,1.97296698739e-08,-0.410181850324,16.2936845751,-0.00547337406157,-2.58564093201e-07,0.0
2.1600000000000015,1.42091494709e-07,8.69813093414,23.6613220506,6.2550664508,6.28318527419,0.0,3.50634769801e-08,-0.429111094228,16.3824849958,-0.00358813931448,-2.58564092307e-07,0.0
2.1600000000000015,1.42091494709e-07,8.69813093414,23.6613220506,6.2550664508,6.28318527419,0.0,3.50634769801e-08,-0.429111094228,16.3824849958,-0.00358813931448,-2.58564092307e-07,0.0
2.2200000000000015,1.44916488198e-07,8.67181785212,24.6467230034,6.25489342782,6.28318525868,0.0,6.05966956361e-08,-0.447977571934,16.4630375396,-0.00151060755924,-2.58564091413e-07,0.0
2.2200000000000015,1.44916488198e-07,8.67181785212,24.6467230034,6.25489342782,6.28318525868,0.0,6.05966956361e-08,-0.447977571934,16.4630375396,-0.00151060755924,-2.58564091413e-07,0.0
2.2800000000000016,1.49573643686e-07,8.64437634592,25.636725334,6.25484010875,6.28318524323,0.0,9.61023506169e-08,-0.466715940734,16.5359698581,0.000327336932182,-2.55406132345e-07,0.0
2.2800000000000016,1.49573643686e-07,8.64437634592,25.636725334,6.25484010875,6.28318524323,0.0,9.61023506169e-08,-0.466715940734,16.5359698581,0.000327336932182,-2.55406132345e-07,0.0
2.3400000000000016,1.56653569059e-07,8.61581575707,26.6308962489,6.2548820745,6.28318522837,0.0,1.41292440703e-07,-0.485273081106,16.6020857288,0.0014335534563,-2.32272136096e-07,0.0
2.3400000000000016,1.56653569059e-07,8.61581575707,26.6308962489,6.2548820745,6.28318522837,0.0,1.41292440703e-07,-0.485273081106,16.6020857288,0.0014335534563,-2.32272136096e-07,0.0
2.4000000000000017,1.66716294999e-07,8.58614813953,27.6288447684,6.25497563826,6.28318521575,0.0,1.95333992133e-07,-0.503613937268,16.6619778611,0.00180994540929,-1.66370040328e-07,0.0
2.4000000000000017,1.66716294999e-07,8.58614813953,27.6288447684,6.25497563826,6.28318521575,0.0,1.95333992133e-07,-0.503613937268,16.6619778611,0.00180994540929,-1.66370040328e-07,0.0
2.4600000000000017,1.80237655674e-07,8.55538681836,28.630213536,6.25508803353,6.28318520623,0.0,2.56230850887e-07,-0.52173048056,16.7161749802,0.00199959542736,-1.43496803449e-07,0.0
2.4600000000000017,1.80237655674e-07,8.55538681836,28.630213536,6.25508803353,6.28318520623,0.0,2.56230850887e-07,-0.52173048056,16.7161749802,0.00199959542736,-1.43496803449e-07,0.0
2.520000000000002,1.97575408268e-07,8.523545162,29.6346732702,6.25520702594,6.28318519807,0.0,3.22410234563e-07,-0.539626705378,16.7650858325,0.00195040348636,-1.20568291689e-07,0.0
2.520000000000002,1.97575408268e-07,8.523545162,29.6346732702,6.25520702594,6.28318519807,0.0,3.22410234563e-07,-0.539626705378,16.7650858325,0.00195040348636,-1.20568291689e-07,0.0
2.580000000000002,2.19019159387e-07,8.49063591784,30.6419242499,6.25532670393,6.28318519156,0.0,3.92952092228e-07,-0.557319049466,16.8092844006,0.00208296162803,-8.43369864405e-08,0.0
2.580000000000002,2.19019159387e-07,8.49063591784,30.6419242499,6.25532670393,6.28318519156,0.0,3.92952092228e-07,-0.557319049466,16.8092844006,0.00208296162803,-8.43369864405e-08,0.0
2.640000000000002,2.44796628003e-07,8.45667083328,31.6517009043,6.2554624514,6.2831851875,0.0,4.6665129978e-07,-0.574822233509,16.8493351137,0.00261911651878,-3.4524634374e-08,0.0
2.640000000000002,2.44796628003e-07,8.45667083328,31.6517009043,6.2554624514,6.2831851875,0.0,4.6665129978e-07,-0.574822233509,16.8493351137,0.00261911651878,-3.4524634374e-08,0.0
2.700000000000002,2.75048605272e-07,8.42166138469,32.6637609498,6.25561647654,6.28318518554,0.0,5.41869092193e-07,-0.592130757722,16.8854548563,0.00246280269503,-2.91284445803e-08,0.0
2.700000000000002,2.75048605272e-07,8.42166138469,32.6637609498,6.25561647654,6.28318518554,0.0,5.41869092193e-07,-0.592130757722,16.8854548563,0.00246280269503,-2.91284445803e-08,0.0
2.760000000000002,3.09836226749e-07,8.38561908229,33.6778802083,6.25577348055,6.28318518385,0.0,6.17816248712e-07,-0.609252718553,16.9180275021,0.00292288299261,-2.62733727462e-08,0.0
2.760000000000002,3.09836226749e-07,8.38561908229,33.6778802083,6.25577348055,6.28318518385,0.0,6.17816248712e-07,-0.609252718553,16.9180275021,0.00292288299261,-2.62733727462e-08,0.0
2.820000000000002,3.49199413667e-07,8.34855497905,34.6938557095,6.2559833781,6.28318518243,0.0,6.94371715804e-07,-0.62618871812,16.9473772444,0.00462514782953,-1.81708364285e-08,0.0
2.820000000000002,3.49199413667e-07,8.34855497905,34.6938557095,6.2559833781,6.28318518243,0.0,6.94371715804e-07,-0.62618871812,16.9473772444,0.00462514782953,-1.81708364285e-08,0.0
2.880000000000002,3.93168881683e-07,8.31048110546,35.7115034956,6.25628297772,6.28318518228,0.0,7.71283689668e-07,-0.642904630381,16.9738139142,0.00571980793227,2.85725975496e-08,0.0
2.880000000000002,3.93168881683e-07,8.31048110546,35.7115034956,6.25628297772,6.28318518228,0.0,7.71283689668e-07,-0.642904630381,16.9738139142,0.00571980793227,2.85725975496e-08,0.0
2.940000000000002,4.41737047211e-07,8.27141179702,36.7306600034,6.25663306885,6.28318518439,0.0,8.47436024414e-07,-0.659366115219,16.9977061055,0.00606398583841,4.86499966205e-08,0.0
2.940000000000002,4.41737047211e-07,8.27141179702,36.7306600034,6.25663306885,6.28318518439,0.0,8.47436024414e-07,-0.659366115219,16.9977061055,0.00606398583841,4.86499966205e-08,0.0
3.000000000000002,4.94822361609e-07,8.23136289184,37.7511775169,6.25702479633,6.28318518784,0.0,9.21746534243e-07,-0.675556444385,17.0192165403,0.00744268617339,7.51570021199e-08,0.0
3.000000000000002,4.94822361609e-07,8.23136289184,37.7511775169,6.25702479633,6.28318518784,0.0,9.21746534243e-07,-0.675556444385,17.0192165403,0.00744268617339,7.51570021199e-08,0.0
3.0600000000000023,5.52290561627e-07,8.19035125835,38.7729223578,6.25748303123,6.28318519235,0.0,9.9341875882e-07,-0.6914517221,17.0386486506,0.00802360850147,7.51570020443e-08,0.0
3.0600000000000023,5.52290561627e-07,8.19035125835,38.7729223578,6.25748303123,6.28318519235,0.0,9.9341875882e-07,-0.6914517221,17.0386486506,0.00802360850147,7.51570020443e-08,0.0
3.1200000000000023,6.13970408248e-07,8.148395348,39.7957775491,6.25796712713,6.28318519686,0.0,1.06214045703e-06,-0.707030827973,17.0562559395,0.00815743942153,7.51570019688e-08,0.0
3.1200000000000023,6.13970408248e-07,8.148395348,39.7957775491,6.25796712713,6.28318519686,0.0,1.06214045703e-06,-0.707030827973,17.0562559395,0.00815743942153,7.51570019688e-08,0.0
3.1800000000000024,6.79685703226e-07,8.10551435448,40.8196371137,6.25849398622,6.28318520145,0.0,1.12793528771e-06,-0.722286675526,17.0721538206,0.00999992708907,7.91937643884e-08,0.0
3.1800000000000024,6.79685703226e-07,8.10551435448,40.8196371137,6.25849398622,6.28318520145,0.0,1.12793528771e-06,-0.722286675526,17.0721538206,0.00999992708907,7.91937643884e-08,0.0
3.2400000000000024,7.4925946442e-07,8.06172855235,41.8444015762,6.25909781896,6.2831852062,0.0,1.19074278553e-06,-0.737184023261,17.0864443018,0.0101914903728,7.91937643045e-08,0.0
3.2400000000000024,7.4925946442e-07,8.06172855235,41.8444015762,6.25909781896,6.2831852062,0.0,1.19074278553e-06,-0.737184023261,17.0864443018,0.0101914903728,7.91937643045e-08,0.0
3.3000000000000025,8.22511264241e-07,8.01706026282,42.869980715,6.25970956985,6.28318521111,0.0,1.25053371738e-06,-0.751703056485,17.0993312614,0.0102045631521,8.70936417135e-08,0.0
3.3000000000000025,8.22511264241e-07,8.01706026282,42.869980715,6.25970956985,6.28318521111,0.0,1.25053371738e-06,-0.751703056485,17.0993312614,0.0102045631521,8.70936417135e-08,0.0
3.3600000000000025,8.99256436303e-07,7.97153210727,43.8962939453,6.26031201826,6.28318521666,0.0,1.30714306383e-06,-0.765847482853,17.1109337209,0.00971123212548,1.02971872807e-07,0.0
3.3600000000000025,8.99256436303e-07,7.97153210727,43.8962939453,6.26031201826,6.28318521666,0.0,1.30714306383e-06,-0.765847482853,17.1109337209,0.00971123212548,1.02971872807e-07,0.0
3.4200000000000026,9.7929181598e-07,7.92516616573,44.9232667316,6.26088909422,6.28318522317,0.0,1.36012536077e-06,-0.779632438234,17.1213347515,0.00943065770136,1.19985713014e-07,0.0
3.4200000000000026,9.7929181598e-07,7.92516616573,44.9232667316,6.26088909422,6.28318522317,0.0,1.36012536077e-06,-0.779632438234,17.1213347515,0.00943065770136,1.19985713014e-07,0.0
3.4800000000000026,1.06238344023e-06,7.87798334082,45.9508357425,6.26146776484,6.28318523037,0.0,1.4089455889e-06,-0.793078231737,17.1308219622,0.0100688671028,1.19985712822e-07,0.0
3.4800000000000026,1.06238344023e-06,7.87798334082,45.9508357425,6.26146776484,6.28318523037,0.0,1.4089455889e-06,-0.793078231737,17.1308219622,0.0100688671028,1.19985712822e-07,0.0
3.5400000000000027,1.14827279799e-06,7.83000414048,46.9789444821,6.26207789164,6.28318523757,0.0,1.45338636254e-06,-0.806175963087,17.1393409965,0.0103678807322,1.19985712629e-07,0.0
3.5400000000000027,1.14827279799e-06,7.83000414048,46.9789444821,6.26207789164,6.28318523757,0.0,1.45338636254e-06,-0.806175963087,17.1393409965,0.0103678807322,1.19985712629e-07,0.0
3.6000000000000028,1.23669782172e-06,7.78124979392,48.0075388404,6.2627255688,6.28318524477,0.0,1.49347051458e-06,-0.818914656325,17.1470225495,0.0116348026673,1.19985712437e-07,0.0
3.6000000000000028,1.23669782172e-06,7.78124979392,48.0075388404,6.2627255688,6.28318524477,0.0,1.49347051458e-06,-0.818914656325,17.1470225495,0.0116348026673,1.19985712437e-07,0.0
3.660000000000003,1.32739755734e-06,7.73174255235,49.0365702753,6.26343198584,6.28318525202,0.0,1.52921045093e-06,-0.831267316928,17.1539230597,0.0120498356052,1.22349357767e-07,0.0
3.660000000000003,1.32739755734e-06,7.73174255235,49.0365702753,6.26343198584,6.28318525202,0.0,1.52921045093e-06,-0.831267316928,17.1539230597,0.0120498356052,1.22349357767e-07,0.0
3.720000000000003,1.42011040553e-06,7.68150630679,50.065994702,6.26414671663,6.28318525965,0.0,1.56055313717e-06,-0.84321390508,17.1601333335,0.0116354134695,1.36875387854e-07,0.0
3.720000000000003,1.42011040553e-06,7.68150630679,50.065994702,6.26414671663,6.28318525965,0.0,1.56055313717e-06,-0.84321390508,17.1601333335,0.0116354134695,1.36875387854e-07,0.0
3.780000000000003,1.51456339971e-06,7.63056523328,51.0957764905,6.2648163122,6.28318526905,0.0,1.58710057174e-06,-0.854764939603,17.1658428136,0.0101914866053,1.96427463847e-07,0.0
3.780000000000003,1.51456339971e-06,7.63056523328,51.0957764905,6.2648163122,6.28318526905,0.0,1.58710057174e-06,-0.854764939603,17.1658428136,0.0101914866053,1.96427463847e-07,0.0
3.840000000000003,1.61042886847e-06,7.57894211821,52.1258824245,6.26540037457,6.28318528232,0.0,1.60731068815e-06,-0.865956281471,17.1709469044,0.00880400443813,2.70304310141e-07,0.0
3.840000000000003,1.61042886847e-06,7.57894211821,52.1258824245,6.26540037457,6.28318528232,0.0,1.60731068815e-06,-0.865956281471,17.1709469044,0.00880400443813,2.70304310141e-07,0.0
3.900000000000003,1.70725628971e-06,7.52665699905,53.1562789478,6.26590227505,6.28318529908,0.0,1.61881943859e-06,-0.876839016124,17.1755364192,0.007472127359,2.97335666221e-07,0.0
3.900000000000003,1.70725628971e-06,7.52665699905,53.1562789478,6.26590227505,6.28318529908,0.0,1.61881943859e-06,-0.876839016124,17.1755364192,0.007472127359,2.97335666221e-07,0.0
3.960000000000003,1.80447070008e-06,7.47372692086,54.1869368831,6.26629080684,9.97508742273e-09,0.0,1.62008342962e-06,-0.887463223888,17.179666866,0.00440359112602,3.09309929526e-07,0.0
3.960000000000003,1.80447070008e-06,7.47372692086,54.1869368831,6.26629080684,9.97508742273e-09,0.0,1.62008342962e-06,-0.887463223888,17.179666866,0.00440359112602,3.09309929526e-07,0.0
4.020000000000002,1.90143730295e-06,7.42016509204,55.2178320965,6.26652411966,2.85416934531e-08,0.0,1.61050828639e-06,-0.897911785689,17.1834493464,0.00283786412009,3.09710441798e-07,0.0
4.020000000000002,1.90143730295e-06,7.42016509204,55.2178320965,6.26652411966,2.85416934531e-08,0.0,1.61050828639e-06,-0.897911785689,17.1834493464,0.00283786412009,3.09710441798e-07,0.0
4.080000000000001,1.99749967136e-06,7.36597970662,56.2489421703,6.26668057948,4.71243195577e-08,0.0,1.58994251265e-06,-0.908255755882,17.1868340939,0.00214316221988,3.0971044071e-07,0.0
4.080000000000001,1.99749967136e-06,7.36597970662,56.2489421703,6.26668057948,4.71243195577e-08,0.0,1.58994251265e-06,-0.908255755882,17.1868340939,0.00214316221988,3.0971044071e-07,0.0
4.14,2.09199836623e-06,7.31117586924,57.2802445749,6.26681445174,6.59704442185e-08,0.0,1.55837596713e-06,-0.91852968299,17.1898654572,0.00240674040914,3.22885344777e-07,0.0
4.14,2.09199836623e-06,7.31117586924,57.2802445749,6.26681445174,6.59704442185e-08,0.0,1.55837596713e-06,-0.91852968299,17.1898654572,0.00240674040914,3.22885344777e-07,0.0
4.199999999999998,2.18426636755e-06,7.25575745808,58.3117241922,6.26696657026,8.53833856951e-08,0.0,1.51552773124e-06,-0.928740229705,17.1927437504,0.00279125675025,3.24876396359e-07,0.0
4.199999999999998,2.18426636755e-06,7.25575745808,58.3117241922,6.26696657026,8.53833856951e-08,0.0,1.51552773124e-06,-0.928740229705,17.1927437504,0.00279125675025,3.24876396359e-07,0.0
4.259999999999997,2.27361911109e-06,7.19972860913,59.3433699431,6.2671173441,1.04931657141e-07,0.0,1.46119072589e-06,-0.938876817799,17.1954067087,0.0019501875997,3.27660781139e-07,0.0
4.259999999999997,2.27361911109e-06,7.19972860913,59.3433699431,6.2671173441,1.04931657141e-07,0.0,1.46119072589e-06,-0.938876817799,17.1954067087,0.0019501875997,3.27660781139e-07,0.0
4.319999999999996,2.3593645597e-06,7.14309355366,60.3751669449,6.26723484245,1.25612768187e-07,0.0,1.39522885026e-06,-0.948950714624,17.1977892864,0.00197454016048,3.78733974561e-07,0.0
4.319999999999996,2.3593645597e-06,7.14309355366,60.3751669449,6.26723484245,1.25612768187e-07,0.0,1.39522885026e-06,-0.948950714624,17.1977892864,0.00197454016048,3.78733974561e-07,0.0
4.379999999999995,2.44077687741e-06,7.08585559986,61.4071003927,6.26735146225,1.48539265332e-07,0.0,1.31652164697e-06,-0.958973510386,17.1999582074,0.00188182724899,3.88856908723e-07,0.0
4.379999999999995,2.44077687741e-06,7.08585559986,61.4071003927,6.26735146225,1.48539265332e-07,0.0,1.31652164697e-06,-0.958973510386,17.1999582074,0.00188182724899,3.88856908723e-07,0.0
4.439999999999993,2.51705967306e-06,7.02801776004,62.4391576012,6.26745283437,1.71561053364e-07,0.0,1.22421505085e-06,-0.968947875341,17.2019177525,0.00130208178787,3.73375599666e-07,0.0
4.439999999999993,2.51705967306e-06,7.02801776004,62.4391576012,6.26745283437,1.71561053364e-07,0.0,1.22421505085e-06,-0.968947875341,17.2019177525,0.00130208178787,3.73375599666e-07,0.0
4.499999999999992,2.587400118e-06,6.96958259144,63.4713260487,6.26752371207,1.93908006096e-07,0.0,1.11851434268e-06,-0.978887263729,17.2036689868,0.000938576085368,3.70596428679e-07,0.0
4.499999999999992,2.587400118e-06,6.96958259144,63.4713260487,6.26752371207,1.93908006096e-07,0.0,1.11851434268e-06,-0.978887263729,17.2036689868,0.000938576085368,3.70596428679e-07,0.0
4.559999999999991,2.65100404315e-06,6.91055166649,64.5035952173,6.26755118302,2.16143792642e-07,0.0,9.99677276435e-07,-0.988809173679,17.2052769246,-0.000521555653871,3.70596426842e-07,0.0
4.559999999999991,2.65100404315e-06,6.91055166649,64.5035952173,6.26755118302,2.16143792642e-07,0.0,9.99677276435e-07,-0.988809173679,17.2052769246,-0.000521555653871,3.70596426842e-07,0.0
4.6199999999999894,2.70708554884e-06,6.85092516649,65.535953637,6.26751396151,2.38379579187e-07,0.0,8.67767774521e-07,-0.998746146628,17.2066467078,-0.000818737141452,3.70596425005e-07,0.0
4.6199999999999894,2.70708554884e-06,6.85092516649,65.535953637,6.26751396151,2.38379579187e-07,0.0,8.67767774521e-07,-0.998746146628,17.2066467078,-0.000818737141452,3.70596425005e-07,0.0
4.679999999999988,2.75486058355e-06,6.79070130249,66.5683872183,6.26746645408,2.60576178412e-07,0.0,7.22797085786e-07,-1.00872256175,17.2077856233,-0.000737941748806,3.68637093314e-07,0.0
4.679999999999988,2.75486058355e-06,6.79070130249,66.5683872183,6.26746645408,2.60576178412e-07,0.0,7.22797085786e-07,-1.00872256175,17.2077856233,-0.000737941748806,3.68637093314e-07,0.0
4.739999999999987,2.79354612533e-06,6.7298775553,67.6008856633,6.26745194901,2.82310121058e-07,0.0,5.64810326093e-07,-1.01874075745,17.2088107825,0.000732791504687,3.49422982478e-07,0.0
4.739999999999987,2.79354612533e-06,6.7298775553,67.6008856633,6.26745194901,2.82310121058e-07,0.0,5.64810326093e-07,-1.01874075745,17.2088107825,0.000732791504687,3.49422982478e-07,0.0
4.799999999999986,2.82237279199e-06,6.66845220115,68.6334411759,6.26750847136,3.03197701612e-07,0.0,3.94255186928e-07,-1.02876969093,17.2096910967,0.00135736036617,3.45533065243e-07,0.0
4.799999999999986,2.82237279199e-06,6.66845220115,68.6334411759,6.26750847136,3.03197701612e-07,0.0,3.94255186928e-07,-1.02876969093,17.2096910967,0.00135736036617,3.45533065243e-07,0.0
4.859999999999984,2.84059838693e-06,6.60642559756,69.6660467354,6.26760359686,3.23750946052e-07,0.0,2.11466085113e-07,-1.03877935813,17.2104809073,0.00203777784091,3.36596071085e-07,0.0
4.859999999999984,2.84059838693e-06,6.60642559756,69.6660467354,6.26760359686,3.23750946052e-07,0.0,2.11466085113e-07,-1.03877935813,17.2104809073,0.00203777784091,3.36596071085e-07,0.0
4.919999999999983,2.84749632944e-06,6.54379950645,70.6986991575,6.26773841987,3.41880971533e-07,0.0,1.67960599596e-08,-1.04874936578,17.2112540108,0.00266241515235,2.33309062214e-07,0.0
4.919999999999983,2.84749632944e-06,6.54379950645,70.6986991575,6.26773841987,3.41880971533e-07,0.0,1.67960599596e-08,-1.04874936578,17.2112540108,0.00266241515235,2.33309062214e-07,0.0
4.979999999999982,2.84241514992e-06,6.48057698419,71.7313949034,6.26790639381,3.53304504763e-07,0.0,-1.8727486442e-07,-1.05865758422,17.2119270867,0.00307251120605,1.04558398595e-07,0.0
4.979999999999982,2.84241514992e-06,6.48057698419,71.7313949034,6.26790639381,3.53304504763e-07,0.0,-1.8727486442e-07,-1.05865758422,17.2119270867,0.00307251120605,1.04558398595e-07,0.0
5.0399999999999805,2.82491464351e-06,6.41676223106,72.7641286253,6.26809846243,3.55860652057e-07,0.0,-3.96457557117e-07,-1.06848847374,17.2125214837,0.0034572174882,-8.130971227e-08,0.0
5.0399999999999805,2.82491464351e-06,6.41676223106,72.7641286253,6.26809846243,3.55860652057e-07,0.0,-3.96457557117e-07,-1.06848847374,17.2125214837,0.0034572174882,-8.130971227e-08,0.0
