time,x,y,z,phi,theta,psi,x_velocity,y_velocity,z_velocity,phi_velocity,theta_velocity,psi_velocity,rotor_speed1,rotor_speed2,rotor_speed3,rotor_speed4
0.06,-9.55093782097e-08,2.90875821654e-07,10.0055876707,0.000250624649547,9.65459610915e-05,0.0,-8.9311684891e-06,2.53316528987e-05,0.186242951763,0.0114409112656,0.00464755197558,0.0,463.2380822979086,463.6032997188703,463.0441447875922,463.9430767353297
0.12000000000000001,-4.59923265894e-06,9.6980387409e-06,10.0198597592,0.000993322747498,0.00104281231263,0.0,-0.000210290280385,0.000361533731776,0.289472066254,0.0141900658903,0.0318508292963,0.0,436.227411271012,438.49267077231013,438.46939276318267,438.69756738875213
0.18,-4.76782643624e-05,5.71571074343e-05,10.0412728213,0.00243009720331,0.00310605249166,0.0,-0.00143902605966,0.00134827636248,0.424255072342,0.0385228377465,0.0390298474128,0.0,447.81386772891733,448.39783654254785,446.72084771168693,448.70035723817426
0.23999999999999996,-0.00022559688291,0.000211945302796,10.0749548498,0.00462524763659,0.00539590023918,0.0,-0.00478715272008,0.00409929987152,0.698350082628,0.0324004015542,0.036374355998,0.0,489.55033670112493,489.35329474343115,489.2986988053776,488.84323874990014
0.3,-0.000634971530527,0.000562961222017,10.1202497645,0.00668830226709,0.00762810115745,0.0,-0.00908772028645,0.00780937621599,0.811403953597,0.0380821035965,0.038811449409,0.0,441.5709214006494,441.7725494794771,441.1889957696314,441.65829055333535
0.36000000000000004,-0.00135275423724,0.00118365724953,10.1726702006,0.00896035011664,0.0100554786445,0.0,-0.0150889921235,0.0131204649906,0.935845903421,0.0374347994941,0.0435574253933,0.0,444.03677657940665,444.4267405399602,446.36843489633446,446.3162950485992
0.4200000000000001,-0.00246625305759,0.00215617913406,10.2309185126,0.0112769399221,0.0123721000699,0.0,-0.0222699174778,0.0195189583904,1.00570034036,0.0408614612243,0.0262118305486,0.0,428.15310136740214,426.6757587989324,428.7435827964062,429.03537331994113
0.48000000000000015,-0.00414152184084,0.00364140631533,10.3003823125,0.0133956005002,0.0136390901614,0.0,-0.0337598550176,0.0302914761118,1.30945595378,0.0208885063308,0.00823320555926,0.0,499.86035629328313,498.54857463321747,498.38629448121065,496.9248947366821
0.5400000000000001,-0.00653912786274,0.00582759454895,10.3883544906,0.0144773281269,0.0136295586876,0.0,-0.0462017721775,0.0427329573721,1.62255657844,0.0115890602704,-0.0277098767853,0.0,502.43477674367506,499.8223945191988,502.5454742910032,501.8709248796222
0.6000000000000002,-0.00967720663111,0.00879440938767,10.4955236667,0.0159944232093,0.0117552449573,0.0,-0.0581562075555,0.0563152877045,1.94925186366,0.0439484502596,-0.0394414354836,0.0,505.41681915353246,504.5704239494368,506.2961542292999,508.61883171132416
0.6600000000000003,-0.0133848497228,0.0124916317312,10.614101622,0.0190847602881,0.00934463698129,0.0,-0.0652036653532,0.0671995059461,2.00325082533,0.0634469957511,-0.0416892303354,0.0,425.95835753161396,425.7651900263468,425.0378072077773,426.70728011086305
0.7200000000000003,-0.0174942127366,0.0169629615343,10.7388287877,0.0230920835031,0.0067069246525,0.0,-0.0714919572069,0.0822680415643,2.1540425596,0.0727481471529,-0.0489443494481,0.0,456.4144917782566,455.8340686136406,456.7347851636581,457.4791214740848
0.7800000000000004,-0.0219122721803,0.0223916469,10.8710219006,0.0270654682959,0.00469136557169,0.0,-0.0755345015562,0.0991127852762,2.25219632084,0.0481307359263,-0.0134146029085,0.0,438.9155965285025,441.85358250139046,442.3941437046248,440.3657133910626
0.8400000000000004,-0.0265545981544,0.0290060125498,11.0126639842,0.0303028426546,0.00410360489202,0.0,-0.0791257411581,0.121721177968,2.46875331812,0.063607313657,-0.00339532570634,0.0,476.70031127868447,477.4654035485968,476.784416677512,477.9669934177843
0.9000000000000005,-0.0313983690064,0.0370403727395,11.1667043564,0.0337554776232,0.00403127876112,0.0,-0.08231589173,0.14650449152,2.665472916,0.0412623133131,0.00284969284689,0.0,472.681026886974,473.16206041151753,472.6224256391945,470.89910381399477
0.9600000000000005,-0.0364251053379,0.0465616624122,11.3303359299,0.0362701735631,0.00476316427083,0.0,-0.0852932455414,0.171124437958,2.78860890304,0.0431791928288,0.0263087909257,0.0,449.8352754235498,451.73084605734704,451.262588332052,451.4182096113653
1.0200000000000005,-0.0416566350977,0.0576556092322,11.5024806591,0.0388175320867,0.00631269456304,0.0,-0.0892626200187,0.198943509614,2.94913385949,0.0409692589608,0.0248411139675,0.0,463.05478774555536,462.9394157680446,463.3113636324967,463.13848447810886
1.0800000000000005,-0.047126171133,0.0702689043102,11.6790012099,0.0409459092061,0.0077331376762,0.0,-0.09317950164,0.221698271157,2.93490934026,0.0212392845009,0.021231656152,0.0,407.49002621605183,407.1673471891104,409.61814166014904,407.8604103807614
1.1400000000000006,-0.0528898736768,0.0844634889208,11.8591054654,0.0425073522777,0.00873065981349,0.0,-0.0990649185489,0.251592186693,3.06820630099,0.0341939146744,0.00529748371913,0.0,455.5844191251361,454.30851276458316,455.84376371046085,456.87791948809416
1.2000000000000006,-0.0590151691675,0.100442526924,12.0461445604,0.0444120412739,0.00883917932094,0.0,-0.105132186077,0.281231468318,3.16615065464,0.0263326071047,-0.00628811100237,0.0,446.43632723972263,445.48996368718934,445.2853388021546,444.64212415466113
1.2600000000000007,-0.065518027209,0.118304173951,12.2405567171,0.0458874593686,0.00789693004911,0.0,-0.111573097763,0.314303497641,3.31382619871,0.0208562156972,-0.051776993242,0.0,463.1951719764407,459.6036924396945,461.54234052869083,461.10997590927053
1.3200000000000007,-0.0723681214501,0.13813916168,12.4429178107,0.0470933808799,0.004872320047,0.0,-0.116440673482,0.346973660265,3.43119037445,0.01853903029,-0.0478086837662,0.0,452.1772740415094,452.49528940579756,453.7399676580851,453.5538618114625
1.3800000000000008,-0.0794262938931,0.159733273765,12.6475504512,0.0481082588197,0.00191847570725,0.0,-0.118596503015,0.372920387021,3.3900145215,0.0134502533784,-0.0522372431326,0.0,401.93073856409535,401.5273600942102,402.4045347626644,401.9435445701163
1.4400000000000008,-0.0865787858534,0.183341185765,12.8588387828,0.0494539075034,6.2829994754,0.0,-0.119504885924,0.414109834013,3.65211727904,0.0361040168324,-0.0133494934838,0.0,494.47369250510866,497.3295593458277,495.4546661253058,497.1174313883183
1.5000000000000009,-0.0937430975986,0.209153735142,13.0797128072,0.0512324528295,6.28202905701,0.0,-0.119221467313,0.446490347468,3.71014717428,0.0117990064743,-0.0225228560117,0.0,437.1045266669497,436.3394129783831,437.4931486944542,435.4649017306195
1.560000000000001,-0.100865982316,0.237085011509,13.3069268628,0.0520448401399,6.28095681024,0.0,-0.118077159845,0.484606673426,3.86313847616,0.0168118670067,-0.00989586112621,0.0,466.8979290313982,467.88214698756536,465.2724780155481,465.6646717150098
1.620000000000001,-0.107906322475,0.267159964978,13.5402232362,0.0527495175127,6.28024926493,0.0,-0.11653997411,0.51796289192,3.91322580436,-0.00104790617823,-0.015884336105,0.0,435.40647063738584,434.90525737226517,436.7933311001061,435.30114642768615
1.680000000000001,-0.11483802089,0.2992766907,13.777115701,0.0528220397457,6.27951354388,0.0,-0.114435866024,0.552578420604,3.98294261446,0.00537815251099,-0.00585562973946,0.0,442.0496277335784,442.8754367756898,441.75591268118876,442.28549888271743
1.740000000000001,-0.121617914872,0.333661063517,14.0217600592,0.0529029954906,6.27864942435,0.0,-0.111506390517,0.593552270304,4.17119098372,-0.00825898922866,-0.0429755095636,0.0,479.33131326447733,476.5018517723801,480.13948235141584,479.1036797570532
1.8000000000000012,-0.128203871736,0.370380885976,14.2753952265,0.0532747086827,6.27641772712,0.0,-0.107780304147,0.630418305694,4.28289412453,0.0255686582743,-0.0276050733372,0.0,457.4596315813788,458.6813652188006,455.0826721504016,457.7825774332948
1.8600000000000012,-0.134514828253,0.409385480117,14.536838421,0.0547188477799,6.27488794101,0.0,-0.102415417023,0.669862565677,4.43129446404,0.0208873834996,-0.0215819965773,0.0,469.27289332675446,469.7401500600502,469.1128475193382,468.7492125368578
1.9200000000000013,-0.140501283883,0.450596537615,14.8037276129,0.0557986606088,6.27395310355,0.0,-0.0970333428948,0.703935117304,4.46486540748,0.0114785728277,-0.0056845219269,0.0,433.53164030233637,434.8655595792837,435.90863633593057,435.1215338458362
1.9800000000000013,-0.146160029917,0.493811266108,15.0715861082,0.0569527592838,6.27369272082,0.0,-0.0915652404987,0.73663339789,4.46374195107,0.031429761867,-0.00177718544206,0.0,423.9047303824921,424.24048064112986,422.7759726138781,424.4917003936281
2.0400000000000014,-0.151452193465,0.539220315081,15.3430253124,0.058322099637,6.27310140211,0.0,-0.0848179173819,0.777151683183,4.58373294605,-0.00617504171487,-0.0354726755829,0.0,463.68654038196627,461.0316319892429,463.49405746019875,460.52890246652
2.1000000000000014,-0.156316157073,0.587092971853,15.6218997578,0.0579164008545,6.27068413435,0.0,-0.0770810414572,0.818524009576,4.71155370716,-0.00796149447225,-0.0522648254993,0.0,466.1616983965564,464.84671141999485,465.67106093986405,465.5313917754528
2.1600000000000015,-0.16069329165,0.637291751705,15.9059254322,0.0577111976966,6.26788973706,0.0,-0.0685497354464,0.854718765581,4.75577665107,0.0043916507855,-0.0371079499032,0.0,439.2010887679444,440.45516611516547,441.2463262405934,442.2651453201899
2.2200000000000015,-0.16446733948,0.689809832914,16.1952027234,0.0583826539659,6.26554191914,0.0,-0.0570173298504,0.895896435327,4.88623141249,0.0221589382532,-0.0435161238415,0.0,468.41783848016775,467.91849372395353,466.7625065043398,468.14708732519165
2.2800000000000016,-0.167516427723,0.744753207605,16.4912436394,0.0598958220015,6.26268818481,0.0,-0.0443513663902,0.93566199461,4.98136088414,0.0307279068287,-0.057215332729,0.0,458.60882652696444,457.5179310074784,458.1591717580498,458.84012898594654
2.3400000000000016,-0.169782433075,0.802003950711,16.7911651396,0.0617623812821,6.25907205665,0.0,-0.0308609139685,0.972850332901,5.01583992777,0.0318613066002,-0.0672042581761,0.0,440.26959325605714,439.43958368524466,440.6288874493545,440.7229306784671
2.4000000000000017,-0.171197678338,0.861449026123,17.0920146614,0.0637935335812,6.25504337294,0.0,-0.0159641921787,1.00881585786,5.01245875112,0.0375632699913,-0.0670259939502,0.0,428.1979533705642,428.20956295077474,428.412735671634,428.897867292692
2.4600000000000017,-0.171593880791,0.923207967416,17.3945366992,0.0657183744685,6.25072517938,0.0,0.00314729251079,1.04999294651,5.07130629156,0.0178938306578,-0.0843532260188,0.0,449.0545336731458,447.6424754081026,449.25353459777244,447.65596082012433
2.520000000000002,-0.170944842807,0.987097144699,17.6949528037,0.0664054107998,6.24633732834,0.0,0.0188246590724,1.07973611656,4.94310654648,-0.00632290614984,-0.0569531529894,0.0,384.4153656251646,386.998126063731,387.67909231511584,385.3964413382237
2.580000000000002,-0.16910413843,1.05311878951,17.9928486026,0.066604662001,6.24332187384,0.0,0.042824206245,1.12095549412,4.98653985506,0.0177714588655,-0.0394296031054,0.0,442.43029210243037,443.8692266226921,441.93530331049783,443.91711513172254
2.640000000000002,-0.165609788627,1.1218839218,18.2973028217,0.0676278741316,6.2412109867,0.0,0.073874668652,1.17126893401,5.16111747256,0.0155776587099,-0.0278116414585,0.0,482.8260842177514,483.70145934526204,483.33598141512346,483.1704909761642
2.700000000000002,-0.160337050271,1.19348133893,18.6091716934,0.0689474360181,6.2403002967,0.0,0.101988332904,1.21538888462,5.23414301416,0.0324495519227,0.00245407985439,0.0,454.0834054776727,456.50524313564193,452.96514598025465,454.3201433577674
2.760000000000002,-0.153545693108,1.26746124794,18.9212137011,0.0706844422297,6.24055335981,0.0,0.124387934654,1.25076083961,5.16753186681,0.0208267406571,0.00753042860671,0.0,409.44159866838186,409.8929876197689,410.56378567951214,409.5313866044369
2.820000000000002,-0.145366042337,1.34366858932,19.2304058429,0.0724582071966,6.24053359033,0.0,0.148247412333,1.28960873935,5.13897212564,0.0429527358962,-0.0247147744023,0.0,423.5376356226232,420.7547492601253,421.08972861679393,423.0000585095784
2.880000000000002,-0.135464733554,1.42271945725,19.5444657297,0.0754115186154,6.23915221621,0.0,0.181922667478,1.3456643654,5.32875137862,0.0594801527636,-0.0198377130372,0.0,489.34050527785575,489.70347600181015,488.4229074756412,489.6553575017962
2.940000000000002,-0.123714770633,1.50485651821,19.8653401481,0.0789943054228,6.23742176114,0.0,0.209856277508,1.3925433596,5.36681458636,0.0601748107917,-0.0608767813251,0.0,447.71172571130353,444.3590124923641,445.0052032823072,445.06457675895984
3.000000000000002,-0.110267882243,1.58983616082,20.1880441744,0.082722577427,6.23361742948,0.0,0.238704687054,1.44042085437,5.3897947713,0.0657986894876,-0.0690119635057,0.0,441.32752115867305,440.65243610918697,441.3552678388184,441.82206107367483
3.0600000000000023,-0.0949124641506,1.67793078627,20.5142134276,0.0863646928894,6.2292156713,0.0,0.273547862027,1.49639835992,5.4819697939,0.0478200176242,-0.0839073290402,0.0,464.1700252797256,462.9953736191027,463.6150265779845,462.2024284764938
3.1200000000000023,-0.0774153727326,1.76938488173,20.8451368827,0.0890141958617,6.22443868575,0.0,0.31014450994,1.55229172655,5.5483930355,0.0355913390107,-0.07218462414,0.0,456.83935283804914,457.7683342491872,456.1125963854994,455.13578933997934
3.1800000000000024,-0.0576634025995,1.86419006073,21.1794944358,0.0912199549728,6.22051171273,0.0,0.34862592105,1.60804163021,5.59653442074,0.0390074978547,-0.0545706558372,0.0,451.5777375421262,452.99339981635313,450.86984256812855,451.14640465972633
3.2400000000000024,-0.0355201925008,1.96239677231,21.5169235369,0.0934578657297,6.21845349806,0.0,0.389699768512,1.66568536631,5.65074718692,0.03364143052,-0.010190439507,0.0,452.50122596159036,456.0596056320875,454.35432550451156,453.92444888013824
3.3000000000000025,-0.0108185774588,2.06419005861,21.8585508822,0.0956600076135,6.21802415762,0.0,0.433706792044,1.72757048016,5.73632249828,0.0422109569944,-0.00168834170601,0.0,465.0868965447307,465.7525538139692,463.36553772544494,464.0393990033713
3.3600000000000025,0.0165173308682,2.16971978667,22.2051090152,0.098259726844,6.21763739206,0.0,0.477480692076,1.79027719882,5.81512696858,0.0454746554383,-0.0182468197975,0.0,463.79250777576345,462.4900102562573,463.8151208192142,464.07237436897947
3.4200000000000026,0.0461938107609,2.27861677564,22.5519067709,0.101240007663,6.21700191209,0.0,0.511818483533,1.83985348353,5.74507993558,0.0569623355751,0.00147741809813,0.0,415.3439518877297,417.07070846678823,416.93477389239996,417.9391449751038
3.4800000000000026,0.0783026904687,2.39109338956,22.8999838405,0.104366226422,6.21677104452,0.0,0.558436452318,1.90962306143,5.85680691819,0.0399897498214,-0.0175001262535,0.0,474.1814533393638,472.721145601267,475.04019291712757,473.7382152247233
3.5400000000000027,0.112856973422,2.50724854952,23.2493820965,0.107091523446,6.2155262389,0.0,0.593478585672,1.96242205617,5.79006536795,0.0545223836827,-0.0281919658776,0.0,418.3702834941632,417.4380749956505,419.1122577034526,420.37504079387855
3.6000000000000028,0.149474149607,2.62651637007,23.593885436,0.110594430381,6.21347752977,0.0,0.627255423535,2.01344353389,5.693776086,0.0651553724394,-0.0500180370737,0.0,409.1823069947293,407.23346308731635,407.60591644221313,408.557954207055
3.660000000000003,0.188522869604,2.74948028497,23.9378478911,0.114591601696,6.21036230707,0.0,0.674635088677,2.08566507863,5.77109187229,0.0693965231565,-0.0560242118637,0.0,464.0834703790567,463.6100796883185,463.34346406477863,463.67993281088144
3.720000000000003,0.230495862549,2.87688139758,24.286678422,0.118328677186,6.20688536801,0.0,0.724765229466,2.16135023672,5.85598470683,0.0416560653218,-0.0621049578903,0.0,468.6015548155688,468.1263901866146,466.93809624418384,464.7709965545079
3.780000000000003,0.275500933346,3.00881470212,24.6399845045,0.120710865327,6.20345352546,0.0,0.775714707753,2.23657774716,5.92040255183,0.0354805179891,-0.0488500110314,0.0,461.6693020223194,462.7120058162827,462.21090199755196,461.724583846869
3.840000000000003,0.323715254517,3.14543210618,24.9982279015,0.123153571258,6.20043079637,0.0,0.831679884378,2.31745754875,6.02036122156,0.0495275166432,-0.0536253484834,0.0,474.2950701947624,473.9266661807934,472.99282626752,474.07434274136176
3.900000000000003,0.375287483741,3.28685516821,25.3617078485,0.125928741353,6.19735293005,0.0,0.887658322629,2.39682827843,6.09506575342,0.0387350704333,-0.0470090079095,0.0,467.41761101486827,467.93150568043745,467.95410429386294,467.11419441682216
3.960000000000003,0.430085454182,3.43280555448,25.7274523,0.127949910154,6.1944436293,0.0,0.939178930364,2.46832375323,6.09626933301,0.0209567236048,-0.0516234226452,0.0,445.71297934278607,445.33416801499214,447.0262753738942,445.5753158059495
4.020000000000002,0.488124530468,3.58320954866,26.0943467352,0.128744829442,6.19114977811,0.0,0.995722116801,2.54515963186,6.13320867481,-0.0103189385565,-0.0624129931714,0.0,457.716799619204,456.8551617081843,458.859661873248,456.3694698002081
4.080000000000001,0.549141247559,3.73756180639,26.4583492985,0.128233889563,6.1874479332,0.0,1.03847952958,2.59990795297,6.00086187687,-0.0051331742603,-0.060303973638,0.0,401.6279163222984,401.8160357243799,402.33127267156885,402.80075428379774
4.14,0.613347617589,3.89594124675,26.820301472,0.128188114641,6.18373575566,0.0,1.1020400914,2.67927746354,6.06374578819,0.00679295610468,-0.0651991361043,0.0,465.5057921839237,465.1199282127611,463.8317038066494,464.76759131450723
4.199999999999998,0.681118270972,4.05866305579,27.1828405275,0.128936928353,6.17987271949,0.0,1.15730633194,2.74479489189,6.02099971919,0.0219421625779,-0.0628021832551,0.0,431.9217903238944,432.1207753570992,431.9425803504566,433.21847806830795
4.259999999999997,0.752478258358,4.22558138249,27.5448207534,0.13042441439,6.17556111932,0.0,1.22168272945,2.81919198706,6.04471584734,0.0299543585255,-0.104332310967,0.0,454.7099944382137,451.36532556742753,453.54938663491237,454.19265245342325
4.319999999999996,0.827724605196,4.39690577628,27.9076375262,0.131865211019,6.1696886769,0.0,1.28704145003,2.89169026703,6.04895510349,0.00818258175733,-0.0873653545562,0.0,447.6534587150512,449.02402325911174,448.4657658437385,446.6934993444277
4.379999999999995,0.907037037465,4.57263987922,28.2710728831,0.13277663198,6.16462789701,0.0,1.35713845649,2.96608742447,6.06528925838,0.0264305905954,-0.0789080453001,0.0,452.27210261768244,452.94719814065405,451.1058057767568,452.5771840642167
4.439999999999993,0.990261421916,4.75242169886,28.632312738,0.133951104301,6.16010149549,0.0,1.41738843541,3.02673721806,5.97636589815,7.52136708754e-05,-0.0692801947576,0.0,418.1621574781817,418.995337998093,419.2031895333062,416.90614036268454
4.499999999999992,1.07784553105,4.93657286369,28.9936221293,0.134333707407,6.1558620165,0.0,1.50241553714,3.11150171399,6.06659883193,0.0166820502193,-0.07356504231,0.0,475.04785017306415,474.71562837232415,474.24828660758754,475.52232828929203
4.559999999999991,1.16972482034,5.12487947925,29.3534734782,0.136175358738,6.15146986105,0.0,1.56059527001,3.16551195941,5.92904686345,0.0496549177267,-0.0724877636277,0.0,401.7748466062442,401.86775184992126,401.01874364884225,404.0039729029139
4.6199999999999894,1.26554170504,5.31684316776,29.7079621987,0.139490941358,6.14750944234,0.0,1.63363264281,3.23348800857,5.88724146834,0.064603260875,-0.055465699949,0.0,433.0636909208256,434.49001157515613,432.8670100324517,434.1255245528549
4.679999999999988,1.36585618388,5.51298811257,30.0603313384,0.14339010074,6.14402667051,0.0,1.71044718515,3.30494331366,5.85830431511,0.0657403052663,-0.0637810405114,0.0,438.386583859561,437.6925113152567,437.68416933801257,437.7819909977519
4.739999999999987,1.47049681358,5.7131286562,30.4085620325,0.147390862335,6.14018363112,0.0,1.77788988538,3.3666958048,5.74973599896,0.0684933810649,-0.0645951503136,0.0,411.88670735653665,411.81133016214477,410.4924785965542,410.7404867904163
4.799999999999986,1.57943490334,5.91722431044,30.7516275886,0.151041166937,6.13678527928,0.0,1.85366432859,3.43676449792,5.68586692436,0.0375668506096,-0.0441995516855,0.0,425.2644938805186,427.0058762435215,426.7404114561428,424.09423481986335
4.859999999999984,1.6928833105,6.12547942955,31.0903014121,0.153125884846,6.13358039695,0.0,1.92817580809,3.50520670915,5.60349963613,0.028403845164,-0.0873462675766,0.0,421.1452337950217,417.3928569233276,419.6013787509574,418.8055394855228
4.919999999999983,1.81143080476,6.33843643124,31.4277778125,0.154616464176,6.12832304989,0.0,2.02381608779,3.5933601839,5.64521156922,0.0165516032472,-0.0881802330072,0.0,459.14859277390855,459.0763148008922,460.05847968257484,459.11894891200126
4.979999999999982,1.9353945042,6.55628148715,31.7651098341,0.1566389771,6.12263824944,0.0,2.10873440366,3.66819562412,5.59917365878,0.0554251138824,-0.11300062436,0.0,432.8913011242022,430.7888445048005,430.73150906241244,434.0077753951739
5.0399999999999805,2.06574450377,6.77978825902,32.1069092051,0.160396518301,6.11575175961,0.0,2.23682107717,3.78214448633,5.79261874011,0.0741114483715,-0.118579152321,0.0,506.22655522381245,505.8148863810584,504.94160828591595,506.2903440614377
